193
267
248
400
492
212
180
388
125
425
94
103
411
85
255
44
171
315
270
375
382
125
308
427
234
90
15
194
240
440
229
343
103
412
444
202
111
412
233
125
431
279
243
113
161
458
342
268
367
142
481
407
191
400
161
26
21
118
179
53
376
491
408
143
377
227
159
408
6
28
190
70
97
423
224
338
4
373
13
120
103
253
106
179
395
17
13
166
473
459
140
100
80
402
25
408
331
334
155
348
79
455
36
31
371
196
6
140
214
382
226
276
189
495
232
208
422
318
232
194
85
449
339
5
124
411
10
470
486
126
365
124
384
369
277
190
50
71
378
367
451
115
9
288
162
373
273
490
200
222
26
310
78
375
146
14
172
56
364
408
174
249
271
44
473
110
100
234
170
383
180
123
286
196
372
169
262
319
314
270
293
387
15
26
35
325
491
242
171
255
262
204
419
421
144
214
9
435
208
426
246
444
74
232
244
441
196
157
79
418
390
29
437
95
380
50
245
170
242
374
284
326
200
316
85
312
213
319
234
291
442
71
146
424
287
139
366
269
484
155
108
190
31
496
196
277
191
1
80
476
150
306
8
375
435
441
467
168
312
126
71
215
270
270
87
416
14
9
425
493
168
228
266
190
218
308
489
464
302
230
207
496
58
153
70
304
383
270
352
208
461
242
318
221
60
443
137
151
69
133
298
198
8
205
302
289
136
449
174
106
147
152
251
437
344
352
134
154
385
85
313
352
318
16
425
267
210
420
138
303
387
57
81
208
237
119
284
124
93
316
107
197
36
195
378
359
196
174
54
93
147
74
267
299
493
103
331
384
69
402
464
431
409
180
466
42
180
474
344
100
408
295
171
2
180
419
43
269
296
107
468
276
143
468
101
304
89
189
322
407
366
131
144
306
327
403
399
60
185
35
365
467
98
258
250
221
458
183
41
232
315
61
6
274
299
384
235
170
350
334
179
76
351
151
338
374
339
87
405
27
256
285
200
279
277
376
316
135
416
268
230
36
373
300
447
418
367
161
3
480
1
210
60
84
460
456
114
260
188
179
382
404
360
326
481
230
454
352
162
336
246
324
55
206
244
248
254
319
239
336
2
35
282
322
423
233
437
276
257
391
490
427
463
361
497
431
354
89
369
381
